$ANSIBLE_VAULT;1.1;AES256
34356564303265643233643665333564323836393932306534363831323734643433636335626239
3734326162343864323865613066393165623331323931630a663566343065346164393631383465
64323936626463383137633932333430336663313061633131646639313837353133306539666531
6537376630663363610a333338373936383736343039316138356165306266393263363637313330
31363039373837633932643531633964333237333636616334353635663963643735633435333235
37353966316139346531663238363562356331653266663739373736613035653333316462383033
36336636666339643832336265613331343535393138373163376536636439626161653963346630
61336163363264656539313931336361353665336234323736323639663361346233306432313136
62326562636663643763333333626532633336386262363065383833386137373463383936623239
35663963343166386538633266363738303130386234313565316162616533656663313463376462
30303131396132333663373735656234626466623263303963353564626630353466643163313234
61663064343039323333383330386230636233343439383162663462666630663731636663353637
66393934353836376639353630326335383365663366366365666365396537326637313133396465
65663033323230656331393433383234373030646635363732353862643036336137356366616630
30623063316231386637363965663366323637393237316161306637386362633937303838333565
63396439626664616635356263323530363237356334336638623430393065626464666663643663
64323334303136373465383030383761633137623063623137356531653839363532363635653666
63663030303031386264616662623332356539323935353435653633333837303364393261623433
32626561626138373037326535613864643432323763633234393961613139626661393366393864
37613566333866336330306465636638326636326162383763336230373962643132356137666662
35333634313737336161303962383533303531303435643237626331343461306639303362376566
65663832623932373536623431326232663030316237376432366263313538346236316636663434
32393233636139323565373935663561623232363739343266636632643532643966663563376363
63383035656166383734303833666464663832366166313263646465633532623632636232336335
39323265346463323761633235333865306166356164613830313337336561386231366161333164
66306663613630323639326530633231626330666164656531613839376261306366633235623863
35336661343161626563616335386439656634633666653365386134313636363533333339396430
37303736323736353963613935346438343434646631613463393732616665386466313131373466
37313561626161313963343737343336303463636234313132323461396131373634343135643435
37336539343262336461636439633931396264313738383437643362386436336637386665306139
65363132303333303666393934366634323830366637383135656665343733366666393138326662
66343264626662613664663265343238336633303532613435663330653637626632376533306532
38326134333037323563653735633730633132393264303635666562343639356632326663613734
35303664353735303934356534396334373163643865653333306130323461623639363566316433
31626464376464333939303635363739633964386166323835666339323234616466373335313265
63326534343037356232376166323936643966383730356164613736666332633134366137303162
36383966323430326530393537343265343436356562376538623538633331316236353135646332
32313439626465613261393637623232373661373838613134343938653966373837303136656561
34343437383262316532333632616638636662353633323637333032323632393836356133343963
33653330303835323030343463366239643235386530643934346262643963383738653333626561
62396466633038303830653265663735316332666535316130616530633930376439353830363634
38313463393332383565373030303631303364383437373465636561336161633764313735356637
34643532383164613635663465616638636139653339383137396137396261343763306333626664
63643263663530326162653562363635363634623362653139353432646239663531396630363530
34303937343439396666623161316331303363653037663130333061326361663236396338366631
38323030663562613131643236353239646133313031303738313135346563383037383965633636
61326166613839386461383034383035346136626134373835303531653732656164663763356265
66303436666163613235373565343538613762346632303232356536353939663132353266663930
32653361346564666235636136633739633938303338346439326530383230663730393162646636
38336431303734613632396565633262366332653038626235326265303764653531303232336162
34363062373738373535613464376637643836633363616366376634363438616166306630303063
30326131306366373564326138663331383134336366633665323464613263666162313931646633
35383063346131373430343966613663373364323431383037633137663166356230633262353630
35393131333561333064363365666662616263366339656236633862626661393362633463323464
63366535636361363938303531376438656162353035643962363033623239333838316138376238
62303934363932653338653830353933646135363939613032366566366265393564653733656139
35633634393762366235393366303639663637323562653234656237356233343662376466363762
31346565633038616334313463333463303132613638616534663935336563306265666434653163
38333134633835613866663237393636356165393963633762343865396539323438643262616434
35313538323336373961393831656338623730313539316230376234373333383866633164363766
35353630383964613161303835313538656365373937623833366665656366336164636435323835
65333362666533646665623035663836323133356266646663306466306163323736343261386162
39636132376434343266333932613030366263623930373462323135323866363362383030663532
31373961383239343166346534373037306565306430363562356637643764633362646466383536
32376236346265666131393162363733656530343538386539376531396630353331303430666238
30386661666539363539633837343364373337313132636164363739623938313234383732616261
62613538363266663062353733366534306137356232376266323463653235613231646432383035
36656364653430373532376331396564633031363932376335363831373262333632666339313730
37666364326639303561363462626130356334376661613835396333613162633762346366666337
35353164656238643838313735323861356338363365323264323730336366623137653461373737
66636363306466316464303331636630376463326464653530303638393537643666656262303831
64363536663736613435333766623062313165303961616336373965336265653866313766376432
31313565336539316337663863666664383531313765313834303936343833653262343564313839
66396162393338353237353731633561643038326535663463383033626531363033303836626439
37663432653562363338313663326666313139373864666137396439313737353038663165656265
32396661613161643666363739383039346230666636653638333535613133333634666364373731
64663238326164626539353566326564373066343135366535393035313366323964643562653732
33613965633863376237613637336534663934363638633431323934373730306666613439666166
37336536663834623339643130623064646461333234383836393231656437303933646335653261
61316365333038623661666662393838663331653231323765613964396462613339383061326364
38363930343237646438653139633537306335366262636531663734316164313436336537353462
66653963393962376461353334376566343535333532376536353262626536646131663033373433
32386334323031303238336631643531373430316162376539323938636636643434326666363238
32303966353765323862363039613533313364376534396332616465313031376437353434656664
62313363303165653665383132623062323139323661636233643361633763333138323433373038
38333737623662653663326336343964346233383330303430373535383933366532363561623138
34386436363831323539393432346263396362393337666164653964663633633565353463343461
37386434353132303038316234633263626534653961303232336436306430356532613339386565
30636265333430363232393464643437333063346132613565323832346566306537343030306137
38366464383339366239343238343033356135326236623365386264636532666131363764343365
36393838373665383961376165613534323231613434326664336665323163373038666336616138
34663836643733303763643664373938343837663932346562383034316538303464393062663865
30386465626539623535666464303235353566653036663564653539393336346136663733303532
66323562333137313137316333636365636631333238323530663733653765306436336639366435
36326563666361653763363866363366346261346533323633393230653865313637376661306533
64303361653631303139666334376163633766346630633361366136316334643562666235366166
62343730646432343438363335623263626665623834646439653631623765383835656339303839
30613235333761346637353961346363363136346231303763656462666434346436623532666165
32336166313766663435663937343365313331383064353863363639343037396236303934613463
61386665613764353738616266356665653763313739636530666632316336323333333765356236
32363535393533316633666634333061656431396137613932383638663933353962343235626637
35383936346436613064333466616265323530613731373137386461656661396265303864626162
34363434313565653464393131303934623061336466396536393530343835303763346265383932
63376234333333306366396530383038333335633033336337633430363335336431363561383338
30323531383563656562353063366463346639633465336334363232616462373037663739653466
30323664323933346364373466353162366234343332303036636639623139383130363931636531
35636634633434616438616131633337646664343665323335666633616133646337616361373332
35663439636361616539623336356163346164303264623735386432363439646638633963663937
63386230663861643539663130323334316139623236313261306332656166653233316466623730
61323237633038316665623034343466333439623764376133633562393261653537383065663136
34303439663434306239636334366661393865333064643061363861616437623630363831613265
33303430323339336231363439393535356363373363336335316163626361386336333864333932
65666136316137376531306265306439616530616538323332386166626438326262366464376236
38326231346237636633633062353936303230616233326138656561643630366639353138353632
66356330393465353162313261333365646465363333323762623632613731363963336232636338
64323466646139363364313435623030326263613332336131636133373534633262363066346337
63353539363130633435356464373864666131303331353665353032616465333738316434373261
34326464396537633237383330633634343938633163303439643664666436343437626330636131
39366665303935366436653634623065613439616561316233363764663465643066393330623163
66353263376439376366663235333430653131666131323037633863386139343038616330623533
64666235636564363031333538643338353630646165313435343566633962316466643531633962
37326664383530373965303231346537386661383232333730636461666363393566343134656466
33326138646364333063396437336365653262613936373035363661366463653734666333616637
64636137326335393630623737323335383833396464366462666262666533623163623563616563
61633261313130666637386436626566666432363532623437396161616435663636323236393264
64313836383937623733633261386662376632646534323362323734343137386261636336336537
61643864336234613338386466303134633633393336323565623036323464373765393031316562
65326263336434653866666436386434356662626433663635646265633534313536373934363564
64653961653237313661633862626138623534613230663561323935326561666539663039616630
35313135633362643063613565346232316536613235336134326333633836613730393564306434
62306164376263323037636233343037363039313039616663633033653535643136663835616135
66333339623434333936663965336438346233333631653034653466326535663264646462666234
66363862623432626439636638643432316438373938343364633462393634393963373366333439
37613634656563346361323937393633626231666633666530656163346261373039653635376138
38303466633732616231343138396238363761643662663937663239383364336237623239636161
65303362313633366335383562323064303235393630303131396238353531323235623063656661
35316561353438656662646631313135653638396465386232653532363061636162313638343034
36653332616435366334616330373335343638613466366332316436613935393338373438663861
61346537383439613765636131303064376361303136336166383763353866333463333566643732
32666662373465393863336136623863346462326237313838346664383964373431346465366564
35366535353737356463306137363633333834636332323863343030616262353635383431303934
34383835666435616338616630323563653233626564396638356261663930656437353665636663
34373632323536653164306639663661396534313234346265373338356331396161663735396666
64633162346565366662306430643039356666373438623831363934666362623135666564623332
66626434626639383561633035636262663136303664373830383433303161616639643538396136
64623932366134306635666431343261366138323232353634623134366563623964663739393162
61653830323162636534303862633862623566306437396661353361336466656239613839353636
38663462313364616631633566633338366538393665313764343231326539323333363037336665
36343635623830633432646333643338366662383136616330356265326334383733666565613963
30663930393262373366303662333937393639336532313134353066313934316163343861323862
64613666613065376435306535313932353963346233623761613165623030373437633333636338
61636637616532313137326264643838303933623338393666376430326636373533316433623334
62653937646635636439306564323866636332336564383239643161663936363465373637633036
64363264336136613061656364346134653563653961333131313861323035633430633464333431
33373938636262346661303832616635313535316131626335346463646265323438623632333031
37613030363534333364613963303833316631643465393066323662336265343537643237306331
30646163316262376337326430363361656333316639333534633732383131356263316536393836
65396163366563376534303538633864313663353162336437323536396262626236306333616666
35336632343766313661303665336234376331653838666337653838643465663832356333363439
35663063336663316130373830303265383731656332313361313030333734383030323361663833
39353236383134653166323736653861393863303133366262656163333433353233323838663735
38376633353363356533623562656637366436643435363434636466313236656466376561616334
38646631376463623663613833383963316635363137313134366534313730646464643738633136
63653936636139373039353432623239633863626231323731393033313031356639323966636630
35666633663862616435386362386137393239366333386566313465343538303331623363306465
32346638313339613838363833636134393735363564393639626464386364623563643535633831
64633836323265353664343663356633303131646537313330343865633237626433356333363734
33346462393661343136303435396563633638643636353538323864646439643939363261626237
39393437653263653865366335663132653839626666616365313436343837383439323334346534
62613339353235393231663733643965646364386436653830623239353135323935393733623538
38356636346439386262306565303637653832326163326132393035313739616238663636623432
30313861323963303735666434396339393434643433363830303930373362313237353835393862
37333031343062643564323338353437313039626265353264386638313363383138643465666261
63623039656530316437656234323334323730396437656236396664316530653766306636653266
66346337323565386166613264333663646363303264383537303563326539663238336162643636
61343439663636643538646365646338376434653137303336646362313230386364306161393264
38666265393564626339346132396461363762643965386463343263613332333036343635346665
64346661643734306263623730313737626161653062333836353732353063653238633739326238
66623934373463653638396631643866356233636337336233346465303934316131613362323430
32343530373165396164626639633163643935376366326632616634393935383337333134333739
39666265316530356433393436356339393839613534613230636563323434373633393930306366
34333065353632333065336133323938653866333135306465303737386531653462613231316638
37626238616134353135626634396332613137316531313939386530396564383863666337633533
37393166343134623763646636356265633536356436313233613838333632343039373862383637
61336131396565656130386230333530656265656235633938646135353632323439343730613932
32306534303665393132646663396165623566613234626461363838616435336538366566623966
61633666376436333666326337316666306638363766333238316561646135393565396432376637
38393336386463316539383461303239623433666132623238383738323938343737613362646365
31643432353835353766373838646231306366666231646234623137346162383632643866336635
66643231333132623066363632633238346531306530316561303962313566393065666536333232
653431346431393339303763373232313266
